id sex ara age trt baseline extra y1 y2 y3
   1 2 3  54 2 2 3 4  5 5 
   2 1 3  41 1 3 4 4  4 4 
   3 2 2  48 2 3 3 3  4 4 
   4 2 2  40 1 3 4 4  3 4 
   5 2 1  29 2 3 4 4  3 4 
   6 2 3  43 2 2 3 3  2 3 
   7 2 2  55 2 4 4 3  2 3 
   8 1 2  49 1 3 3 3  2 2 
   9 2 3  64 1 2 2 2  2 1 
  10 2 2  51 2 3 4 3  3 4 
  11 2 3  46 2 4 4 4  4 4 
  12 2 1  59 1 4 4 4  5 4 
  13 1 3  58 2 3 2 3  2 3 
  14 2 3  49 1 4 4 5  5 5 
  15 2 1  48 2 3 3 3  3 3 
  16 2 3  60 1 4 3 4  3 3 
  17 2 3  62 1 3 3 4  3 4 
  18 1 3  65 2 2 2 2  2 2 
  19 1 2  56 1 4 3 4  3 3 
  20 2 2  64 1 3 3 4  3 3 
  22 2 3  42 1 3 3 3  3 4 
  23 2 3  59 2 4 3 3  1 2 
  24 2 3  61 2 4 4 4  4 4 
  25 2 3  59 1 4 4 4  5 5 
  27 2 2  29 1 3 4 3  3 4 
  28 1 2  41 2 3 3 4  4 4 
  29 2 3  65 1 3 3 4  3 4 
  30 1 2  22 1 3 5 3  3 4 
  31 2 3  55 2 3 4 4  3 4 
  32 2 3  62 2 3 3 3  4 4 
  33 2 2  31 2 3 2 2  3 5 
  34 2 1  43 1 2 3 4  4 3 
  35 2 2  59 2 2 3 4  4 4 
  36 2 2  57 1 3 2 3  3 3 
  37 1 3  48 2 3 5 4  5 4 
  58 2 1  61 1 3 2 1  3 4 
  59 2 2  35 2 3 3 3  4 4 
  60 2 2  61 1 2 3 4  4 3 
  61 2 1  56 2 4 3 3  3 3 
  62 2 3  56 2 3 3 3  4 2 
  63 2 2  60 1 4 3 3  3 4 
  64 2 1  52 2 3 3 4  3 4 
  65 2 1  55 1 3 3 4  3 4 
  66 2 2  64 2 3 2 3  3 4 
  68 1 1  50 1 2 2 3  2 5 
  77 1 3  57 1 4 3 4  4 4 
  78 2 3  50 2 3 3 3  4 4 
  79 2 1  56 1 3 2 3  2 3 
  81 2 3  56 2 2 3 2  4 3 
  82 2 3  64 2 4 3 4  3 4 
  83 2 3  64 1 3 2 3  3 2 
  85 2 3  33 1 3 3 4  4 4 
  87 1 3  48 2 3 3 2  4 3 
  88 1 3  35 2 5 5 5  5 5 
  89 2 3  55 1 2 3 2  1 2 
  90 2 1  50 2 4 4 3  3 4 
  92 2 1  45 2 3 2 3  3 2 
  93 1 1  46 2 4 4 3  5 5 
  94 2 3  55 1 4 4 4  2 4 
  96 2 3  51 2 4 2 2  2 2 
  99 1 1  55 1 5 5 5  5 4 
 100 2 3  34 2 2 2 4  5 5 
 101 2 1  53 2 3 2 2  2 3 
 103 2 3  61 1 3 4 2  3 3 
 105 2 2  51 1 4 4 2  5 4 
 107 2 3  57 1 4 1 3  3 4 
 108 2 3  42 1 5 5 5  5 5 
 110 1 2  52 2 4 3 3  4 5 
 112 1 3  44 2 3 3 4  4 3 
 113 1 3  31 1 4 4 4  4 4 
 116 2 2  64 1 3 3 4  4 4 
 133 2 2  58 1 1 1 2  1 2 
 134 2 3  50 1 2 2 2  3 2 
 136 2 2  47 1 4 3 4  2 3 
 137 1 3  57 2 3 3 3  3 3 
 138 2 3  46 1 3 1 3  2 2 
 139 2 2  39 1 4 3 1  3 1 
 140 2 2  64 2 3 3 4  3 3 
 142 2 2  57 2 1 1 3  3 5 
 144 2 2  31 1 2 2 2  3 3 
 145 2 2  58 1 2 3 4  4 4 
 146 2 2  60 2 4 4 3  4 5 
 147 2 2  36 2 4 4 4  4 5 
 148 1 3  60 2 2 2 2  4 3 
 149 2 3  63 1 3 3 4  4 4 
 150 2 2  58 1 1 3 1  3 3 
 151 2 2  31 2 3 2 4  2 3 
 153 2 2  61 1 2 3 3  4 3 
 155 2 2  49 2 2 2 3  3 4 
 158 1 2  44 1 3 4 4  3 4 
 159 1 2  64 2 3 3 3  3 3 
 160 2 3  41 1 3 3 4  4 4 
 161 1 2  31 2 3 3 3  3 3 
 163 2 2  63 1 3 3 4  3 4 
 167 2 2  41 2 2 2 2  2 2 
 169 2 2  62 1 3 3 3  1 3 
 170 2 2  62 2 3 3 3  3 4 
 171 2 3  54 2 2 3 4  3 3 
 172 2 2  42 1 3 3 3  3 4 
 175 2 2  33 2 1 5 5  5 5 
 176 2 2  40 1 2 3 4  3 4 
 177 2 2  50 2 3 3 3  4 4 
 179 2 2  25 2 3 2 2  3 3 
 180 2 2  46 2 3 3 4  4 4 
 181 2 2  66 1 1 3 3  3 3 
 184 2 2  32 2 2 3 4  4 5 
 186 2 2  54 1 4 4 4  4 4 
 187 2 2  58 1 3 3 3  4 3 
 188 2 2  33 2 3 3 4  4 4 
 189 1 2  62 1 2 2 3  2 2 
 190 2 3  62 2 3 3 3  2 3 
 192 2 2  26 2 3 3 3  4 3 
 193 2 2  61 1 3 4 3  4 4 
 208 2 2  46 1 3 2 3  3 3 
 209 2 1  64 2 3 3 3  3 3 
 211 2 2  21 1 4 3 4  5 4 
 213 1 1  50 2 3 3 3  4 5 
 214 2 2  45 1 2 2 2  3 3 
 215 2 1  50 2 2 3 5  5 4 
 218 2 3  60 1 1 2 5  3 4 
 219 1 1  52 1 4 5 4  4 3 
 220 2 3  42 2 3 3 3  3 2 
 221 2 2  65 2 2 3 3  2 3 
 223 2 3  48 2 5 4 4  5 5 
 229 1 1  60 2 3 3 2  3 2 
 230 2 2  62 1 3 4 3  4 4 
 231 2 2  63 1 3 3 3  3 3 
 233 2 1  62 2 3 3 4  3 3 
 234 2 3  54 2 2 2 3  3 2 
 236 2 1  37 1 2 4 2  3 3 
 237 2 2  53 2 2 3 4  5 5 
 238 2 2  63 1 3 3 3  1 2 
 239 2 3  46 2 4 4 4  4 5 
 240 2 2  55 2 3 4 5  5 5 
 241 2 1  36 1 3 3 2  3 3 
 243 2 2  55 1 3 3 3  3 3 
 244 2 1  33 1 4 4 5  4 5 
 245 2 2  51 1 4 3 3  2 3 
 246 1 3  60 2 2 3 3  3 3 
 247 2 3  61 2 2 3 4  3 5 
 248 1 3  41 1 4 3 5  5 5 
 249 2 1  63 2 3 3 3  2 3 
 250 2 2  55 2 2 2 4  4 4 
 265 2 2  34 1 3 3 3  2 2 
 266 2 2  62 1 3 2 3  2 2 
 267 2 3  53 2 2 3 3  3 3 
 268 2 3  24 1 3 3 3  3 3 
 269 2 3  48 1 2 1 2  2 3 
 271 1 3  52 1 2 3 3  3 3 
 272 2 2  55 2 1 2 4  3 4 
 273 2 1  60 2 2 3 3  3 2 
 275 2 2  36 2 1 1 3  2 3 
 276 2 1  28 2 3 3 2  4 2 
 277 2 2  28 1 3 3 3  2 2 
 278 2 3  34 2 2 2 3  3 3 
 279 1 2  26 1 3 2 2  3 3 
 281 2 2  56 2 4 5 4  4 5 
 282 2 2  57 1 3 3 3  3 3 
 287 2 3  55 1 1 1 2  2 1 
 288 2 2  55 2 1 1 3  3 3 
 289 1 2  46 1 4 3 4  4 4 
 290 2 3  59 1 3 3 3  3 3 
 291 2 3  51 1 3 4 4  4 4 
 292 2 3  54 1 2 2 4  3 3 
 294 2 3  58 1 3 3 1  4 3 
 298 1 3  47 1 1 4 4  2 3 
 299 2 2  54 2 3 3 3  3 3 
 300 2 3  60 2 2 2 4  4 5 
 301 2 2  45 2 3 2 3  2 3 
 302 2 2  33 1 4 3 5  2 5 
 303 2 2  57 1 2 1 1  2 1 
 306 2 3  38 1 2 3 4  4 4 
 308 2 3  51 2 4 3 4  4 3 
 309 2 3  55 2 2 2 3  3 3 
 310 1 3  33 1 1 1 2  1 1 
 311 1 3  57 1 2 2 3  3 3 
 313 2 3  37 1 2 2 2  4 2 
 315 1 2  55 2 2 2 3  3 4 
 317 2 3  63 2 2 1 3  2 3 
 318 2 3  45 2 5 4 4  4 5 
 319 2 3  54 1 3 3 3  3 4 
 320 1 3  63 1 2 1 2  2 1 
 321 1 3  53 2 4 4 4  4 4 
 322 2 2  49 2 3 4 4  1 3 
 325 2 3  64 2 3 3 4  4 3 
 326 2 3  45 1 3 2 4  3 4 
 328 2 3  55 1 3 3 3  4 4 
 331 2 9  65 2 3 4 3  5 1 
 333 2 3  58 2 4 4 4  3 3 
 335 2 3  49 2 4 4 4  4 3 
 381 2 3  38 2 3 2 2  1 4 
 383 2 2  57 2 2 3 3  4 4 
 384 2 3  57 1 2 3 3  2 2 
 385 1 2  51 2 2 2 3  3 2 
 386 2 3  58 2 2 2 3  4 3 
 387 1 2  65 1 3 3 2  3 2 
 388 1 2  50 2 3 3 3  2 4 
 389 2 2  52 1 5 4 4  4 4 
 390 2 2  65 2 5 4 4  4 5 
 391 2 3  60 1 5 3 5  4 3 
 392 1 3  58 1 1 2 2  1 2 
 393 1 1  58 1 3 3 2  2 2 
 394 2 1  55 2 4 4 4  3 2 
 395 1 1  59 1 3 2 2  4 5 
 396 2 9  54 2 4 3 4  4 4 
 397 1 2  44 2 4 4 4  4 4 
 398 1 1  44 1 2 3 4  4 3 
 399 1 2  47 2 3 4 3  3 4 
 400 2 2  55 1 4 4 4  3 3 
 401 2 1  53 1 4 4 4  4 4 
 402 2 3 999 2 1 1 2  1 2 
 403 2 2  63 2 3 2 4  4 4 
 404 2 2  57 1 3 3 4  4 4 
 405 2 3  55 1 4 1 4  4 5 
 406 2 1  58 2 1 1 1  2 4 
 407 2 3  62 1 1 3 2  1 1 
 408 2 3  53 2 2 1 2  2 3 
 409 2 2  25 1 3 2 2  3 2 
 410 2 2  58 2 2 2 3  2 2 
 421 1 3  62 1 1 2 3  2 2 
 422 1 3  32 2 3 2 3  3 3 
 423 1 2  63 2 5 4 4  4 4 
 424 1 3  39 2 4 5 4  5 5 
 426 1 1  53 1 3 2 2  3 2 
 427 1 2  62 2 2 3 3  4 4 
 428 1 1  61 1 3 3 4  3 4 
 429 1 3  64 2 5 3 4  4 5 
 430 1 2  57 2 3 2 3  3 4 
 431 1 2  35 2 3 4 4  5 4 
 432 1 1  54 1 3 4 3  3 3 
 433 1 1  63 2 3 3 3  4 3 
 434 1 2  50 1 2 2 3  2 2 
 435 1 2  35 1 4 4 2  4 3 
 436 1 2  35 2 3 3 4  4 4 
 437 1 2  63 1 3 3 2  3 3 
 438 1 1  55 1 3 2 3  2 3 
 457 2 1  38 1 3 4 4  4 4 
 458 2 1  22 2 1 2 3  3 5 
 459 2 1  28 2 4 4 5  4 5 
 460 2 2  51 1 3 3 3  3 4 
 463 1 2  62 1 2 1 1  2 2 
 465 2 1  33 1 4 4 4  2 3 
 466 2 2  36 2 4 4 4  5 5 
 467 1 1  31 1 2 2 2  3 3 
 468 2 1  39 2 3 3 3  2 2 
 469 2 1  33 1 2 3 1  2 2 
 470 2 1  52 2 3 2 3  4 3 
 471 1 2  27 2 3 3 3  4 4 
 472 2 2  41 2 2 2 2  2 2 
 473 2 1  31 1 3 2 2  2 2 
 474 2 2  48 2 2 2 3  2 4 
 487 2 1  48 2 3 3 1  4 3 
 488 2 2  42 2 3 3 3  3 4 
 490 2 2  50 1 2 2 3  3 2 
 491 2 2  53 2 4 3 3  5 4 
 497 1 2  63 2 3 3 3  3 4 
 498 1 2  55 1 5 5 5  3 4 
 499 2 2  37 1 4 4 4  3 5 
 500 2 1  39 2 3 3 3  3 3 
 501 1 2  35 2 3 3 3  4 3 
 502 1 3  35 2 3 3 3  3 3 
 503 1 2  65 1 3 2 2  3 3 
 504 2 1  58 2 4 4 4  3 5 
 505 2 3  40 1 3 2 4  1 3 
 506 2 3  33 1 2 1 2  2 1 
 508 2 3  33 2 4 3 4  5 5 
 509 2 1  40 2 3 2 3  2 2 
 510 1 2  60 1 2 2 2  2 2 
 511 2 3  59 1 3 2 3  4 4 
 512 2 3  62 2 3 1 3  3 3 
 516 2 1  54 2 3 2 3  2 4 
 517 2 2  55 2 1 1 4  4 3 
 518 2 2  45 1 3 4 2  4 4 
 519 1 3  65 2 2 3 3  3 3 
 520 2 2  51 1 3 2 3  4 3 
 522 1 2  56 1 3 2 3  3 3 
 523 1 2  64 2 2 2 3  3 2 
 524 1 2  36 2 3 1 3  3 3 
 525 2 3  61 1 2 3 2  3 3 
 526 1 2  46 1 2 2 3  3 2 
 527 1 2  60 1 3 3 4  4 4 
 528 2 2  56 1 2 2 3  3 3 
 529 1 2  63 1 3 4 3  3 4 
 530 2 3  56 1 3 2 3  3 3 
 532 2 3  60 2 1 2 2  2 3 
 533 2 3  58 2 1 2 3  2 1 
 534 2 2  61 1 1 1 2  1 2 
 535 2 3  64 1 2 1 1  2 2 
 536 2 2  55 1 2 2 2  3 3 
 109 2 3  57 2 4 4 4  4 NA 
 135 2 2  63 2 2 2 3  NA NA 
 143 1 2  42 2 1 1 3  NA 2 
 157 2 2  37 1 3 2 3  NA 3 
 165 2 2  52 2 2 3 4  3 NA 
 270 2 1  52 1 3 3 NA  3 3 
 280 1 2  47 2 3 3 NA  NA NA 
 312 2 3  63 2 1 2 3  2 NA 
 330 2 3  60 1 3 3 2  2 2 
 334 2 2  63 2 2 3 NA  2 2 
 382 1 3  33 1 3 2 1  3 NA 
 425 1 2  57 1 4 3 3  2 NA 
 489 2 1  41 2 3 3 3  NA NA 
 521 2 3  29 2 3 3 2  NA NA 
