"patnr" "geschl" "alter" "groesse" "gew0" "gew15" "gew28" "rrs0" "rrd0" "rrs1" "rrd1" "chol0" "chol15" "chol28" "fisch" "kalorie"
"1" 91 1 58 181 64.2 64.3 NA 130 80 130 80 264 249 NA 0 0
"2" 74 0 82 168 61 61 NA 140 70 140 70 258 230 NA 0 0
"7" 199 1 77 181 79.9 79.8 78.9 160 100 160 105 210 212 190 1 0
"11" 92 1 67 173 77.5 76.8 76.1 105 75 105 75 278 240 232 1 0
"15" 33 0 57 156 59.7 59.2 59.4 100 60 105 70 237 185 204 1 1
"16" 120 1 55 179 78.2 76.5 76.5 140 80 110 70 223 177 199 1 0
"17" 81 1 57 176 75 74.8 74.5 125 80 110 70 220 222 211 1 0
"18" 35 1 69 161 64.4 63.1 62.8 115 70 115 70 241 248 246 1 0
"19" 34 0 48 172 68.4 67.3 67.4 100 60 85 60 221 185 174 1 1
"20" 210 1 71 169 71.3 70 70.4 125 75 120 60 256 216 230 0 0
"21" 207 0 67 162.5 60.7 60.3 61.2 140 90 140 90 282 216 207 0 0
"22" 204 1 70 172 79.9 78.6 78.2 150 70 150 70 232 214 186 0 0
"23" 203 1 59 172 76.9 75.5 76 140 80 150 80 308 247 235 0 0
"24" 202 0 74 158 47.9 48.2 48.4 140 80 130 70 269 231 232 0 0
"25" 195 1 50 177 89.2 89 89.1 130 100 140 90 223 218 230 0 0
"26" 187 1 64 176 68.9 69 68 110 60 95 55 223 193 200 0 0
"27" 185 1 60 187 85 82.3 82.4 150 90 110 70 256 223 235 0 0
"28" 183 1 64 173 75.5 75.1 75.1 145 95 130 80 249 231 182 0 0
"29" 182 1 54 180 81.3 81.8 81.4 125 80 120 70 220 206 179 0 0
"30" 179 1 66 173 83 81.9 81.1 110 70 110 80 286 232 227 0 0
"31" 170 1 58 168 67.9 68 66.3 120 80 130 75 262 180 215 0 0
"32" 168 1 51 175 74 74.5 72.2 140 90 130 80 273 204 197 0 0
"33" 165 1 62 168 81.4 80.6 79.3 130 70 140 70 232 241 234 0 0
"34" 161 1 44 175 78 79.8 78.1 95 50 100 60 252 244 264 0 0
"35" 160 1 47 176 80.7 80.3 80.4 120 60 120 60 253 267 247 0 0
"36" 157 1 58 182 74 74.3 73.4 140 70 140 70 236 202 186 0 0
"37" 156 1 61 173 81.8 80.5 80.2 120 70 120 70 219 236 250 0 0
"38" 153 1 55 182 83.9 82 82.9 125 75 120 75 244 212 228 0 0
"39" 151 0 74 160 73 70.8 70.1 140 70 140 60 232 188 199 0 0
"40" 148 1 61 179 71.6 71.5 71.8 135 70 125 60 251 232 227 0 0
"41" 147 1 61 174 80 80 79.1 150 90 130 70 220 204 199 0 0
"42" 142 1 58 186 81.4 80.9 80.6 130 85 120 80 226 232 223 0 0
"43" 141 1 54 168 77.9 76.4 76 105 65 95 65 219 205 179 0 0
"44" 140 1 54 168 68.4 66.7 66.3 110 55 100 60 313 305 330 0 0
"45" 136 1 60 176 78.3 76.4 75.5 130 70 130 70 245 162 184 0 0
"46" 133 1 65 167 73.8 72.5 72.7 140 85 130 80 262 225 221 0 0
"47" 132 1 65 167 79 76.6 75.7 120 70 110 60 291 284 270 0 0
"48" 130 1 62 172 83.4 83.2 82.5 130 90 140 90 263 220 230 0 0
"49" 128 0 78 163 58.9 59.9 59.3 140 80 140 80 217 231 237 0 0
"50" 124 1 54 171 70.3 68.8 68 140 80 140 80 268 230 223 0 0
"51" 123 0 73 163 73 72.9 72 100 60 150 90 239 202 203 0 0
"52" 122 1 62 172 80.3 78.7 78 120 80 115 70 210 200 197 0 0
"53" 121 1 58 174 77.4 74.9 74.3 120 70 120 80 295 219 220 0 0
"54" 119 1 70 164.5 64.6 63.6 64.1 135 70 110 60 229 233 253 0 0
"55" 117 1 70 176 82.9 82.2 81.2 140 80 130 70 228 206 185 0 0
"56" 116 1 64 172 79.3 78.5 78.5 120 70 120 70 262 236 220 0 0
"57" 114 1 51 175.5 79.8 77.4 76.2 110 80 120 80 200 236 196 0 0
"58" 115 1 69 172 71.5 70.4 70.5 140 70 150 75 268 257 238 0 0
"59" 113 1 60 178 69 67.3 68.5 120 70 120 70 229 263 225 0 0
"60" 109 1 62 182 87.3 84.6 85.3 100 60 90 60 281 208 202 0 0
"61" 108 1 53 166 70.7 70.6 71.2 130 80 120 70 231 206 195 0 0
"62" 107 1 46 175 65 63.4 63 130 90 120 70 228 221 229 0 0
"63" 105 1 59 182 92 92.4 92.4 130 75 130 80 247 227 238 0 0
"64" 100 1 59 170 72.9 71.9 72 150 70 140 70 236 243 209 0 0
"65" 98 1 56 182 75.4 75.5 75.8 120 70 120 70 257 218 211 0 0
"66" 99 1 61 168 70.7 71 71 140 80 140 80 284 270 238 0 0
"67" 96 1 50 173 70.2 67.9 67.6 120 75 120 80 224 202 190 0 0
"68" 95 1 56 160 67.4 66.8 66.6 100 70 100 70 237 196 200 0 0
"69" 94 1 75 154 60 58 57.5 160 90 140 80 211 153 158 0 0
"70" 90 0 63 165 63.5 62.5 62 100 65 110 70 236 197 182 0 0
"71" 89 0 66 166 56.3 55.4 55.9 120 80 110 70 325 327 235 0 0
"72" 88 1 62 169 74.1 74.4 75 130 80 160 90 284 291 298 0 0
"73" 85 0 71 164 65.3 64.3 63.7 100 60 100 60 262 323 306 0 0
"74" 84 1 64 170 69.4 71.9 74.1 120 65 130 70 220 262 272 0 0
"75" 80 1 59 167 67.9 66 65 120 70 120 70 279 243 202 0 0
"76" 75 0 71 160 54.7 54.2 54.5 120 65 130 70 234 216 231 0 0
"77" 70 1 64 185 75.4 76.1 76.1 120 70 120 70 241 259 212 0 0
"78" 69 1 59 178 81.3 81.1 80.3 105 65 125 70 236 256 215 0 0
"79" 66 0 62 160 54.8 55.7 55.5 120 70 130 80 236 288 255 0 0
"80" 65 1 58 174 75.9 73.5 73.1 110 75 110 75 324 258 244 0 0
"81" 64 1 59 178 76 75.8 75.4 140 90 140 90 227 217 205 0 0
"82" 62 1 67 164 74.9 76.6 76.6 130 80 110 60 232 218 215 0 0
"83" 60 1 66 168 62.5 62 61.1 120 75 120 80 260 249 231 0 0
"84" 58 1 59 170 74.4 73 72.5 105 60 110 60 298 214 231 0 0
"86" 56 0 54 172 83 81 80.8 140 80 130 80 286 245 251 0 0
"87" 55 1 69 170 82 81.8 81.8 130 80 140 70 213 192 215 0 0
"88" 53 0 63 169 67.2 66.3 66.8 150 100 110 80 245 193 221 0 0
"89" 52 1 68 190 91.2 90 87.7 140 80 140 80 234 243 232 0 0
"90" 49 1 50 173 75.9 75.1 74 120 70 120 70 273 202 191 0 0
"91" 48 0 78 155 60 60.8 59 130 65 130 65 307 278 276 0 0
"92" 45 1 59 172 76 74.9 74.4 120 85 120 80 225 225 175 0 0
"93" 41 1 64 165 70.3 69.6 68.5 110 60 120 55 241 193 219 0 0
"95" 38 0 62 159 52.2 51.9 51.5 100 60 100 60 240 266 217 0 0
"96" 36 1 57 173 70.1 70.6 70.6 110 70 90 55 222 254 246 0 0
"97" 32 1 58 170 62.1 60.9 61.5 140 80 140 80 235 237 198 0 0
"98" 31 1 41 180 88.7 87.1 85.9 110 70 100 70 268 241 195 0 0
"99" 30 1 50 186 87 84 82.1 125 70 130 80 216 159 182 0 0
"100" 28 1 48 163 66 65.4 64.2 130 80 130 80 228 227 207 0 0
"101" 26 1 61 171.5 79 79.2 79.3 140 75 140 75 220 192 202 0 0
"102" 24 0 63 165 73 70.2 69.7 120 80 140 90 222 NA 197 0 0
"103" 23 1 56 172 75.8 75.7 75.2 100 70 130 80 221 219 232 0 0
"104" 22 1 59 175 82.2 81.9 79.6 190 100 140 80 242 191 207 0 0
"105" 17 1 54 161 60 59.3 58.6 120 70 105 70 229 197 193 0 0
"106" 15 0 65 154 44 45.5 45.4 140 70 150 70 205 208 217 0 0
"107" 7 1 65 170.5 75.3 74.1 75 120 80 120 80 218 210 232 0 0
"108" 4 1 80 164 67 69.1 68.2 110 60 110 60 219 249 225 0 0
"109" 118 0 45 156 69.4 67.9 67.7 120 75 100 60 301 192 218 0 1
"110" 111 0 67 156 74.4 72.5 72 150 90 120 80 247 196 182 0 1
"111" 108 1 56 176 96.5 94.6 93.4 150 90 150 90 267 254 243 0 1
"112" 107 1 63 172 98 95.2 93.6 170 105 170 100 290 253 224 0 1
"113" 105 1 47 171 84.5 81.7 79.3 145 95 130 80 205 182 185 0 1
"114" 104 1 58 173 80.9 78.2 77.3 120 75 120 75 234 209 209 0 1
"115" 97 1 71 172 90.2 87.5 87.3 150 75 145 60 243 196 223 0 1
"116" 95 1 51 176 91.3 90.6 89.8 170 100 140 90 308 340 306 0 1
"117" 91 0 69 163 81.7 81.1 78.2 130 80 120 80 243 231 239 0 1
"118" 90 1 66 162 87.7 85 85.8 170 100 180 80 253 217 176 0 1
"119" 88 1 66 176 77.1 76.9 76.8 165 70 140 65 244 221 212 0 1
"120" 87 1 57 166 90 86 83.8 120 85 100 80 201 195 199 0 1
"121" 86 1 48 168 84.8 83.6 82.7 125 70 115 80 249 201 237 0 1
"122" 84 1 64 176 87.2 83.7 80.3 190 90 150 60 248 215 192 0 1
"123" 76 0 57 163 98.5 94.4 93 160 90 160 90 225 206 227 0 1
"124" 70 1 54 173 84.7 79.1 78.6 160 100 170 100 214 161 160 0 1
"125" 67 0 66 157 76.5 75.7 73.4 140 80 140 80 239 201 198 0 1
"126" 66 0 73 155.5 75.5 72.9 71.3 120 60 130 75 252 216 198 0 1
"127" 63 1 48 176 91.6 89.4 88.1 120 80 120 75 256 212 228 0 1
"128" 58 0 64 160 85.4 83 82.2 120 80 130 80 235 213 176 0 1
"129" 57 1 57 167 78 75.8 72.3 130 70 130 70 311 250 256 0 1
"130" 56 1 69 167.5 79 77.4 77.2 115 60 115 60 289 280 274 0 1
"131" 52 1 63 172 77.8 74.1 71.5 100 55 100 60 203 187 195 0 1
"132" 49 1 50 176 89.7 85 81.8 130 70 110 75 228 191 191 0 1
"133" 48 1 49 179 91.3 84.5 81.5 160 90 140 90 312 168 184 0 1
"134" 47 1 73 178 92.2 88.7 89.6 130 60 110 70 258 227 236 0 1
"135" 45 1 68 170 80 77.5 76.5 144 80 120 90 267 228 198 0 1
"136" 44 1 50 176 87.5 83.2 82.3 170 90 140 70 281 263 270 0 1
"137" 43 1 49 182 102 97.6 96.6 160 90 160 80 235 193 193 0 1
"138" 42 1 49 179 100.1 97.8 96 110 75 110 75 297 231 230 0 1
"139" 31 0 63 151 68.8 67.4 66.2 140 70 120 60 254 215 229 0 1
"141" 24 1 62 174 103.5 99.8 98 140 90 140 90 224 158 157 0 1
"142" 23 0 51 157 97.3 93.7 91.2 190 100 160 80 314 300 258 0 1
"143" 22 1 62 168 85.5 82.4 81.2 150 90 130 80 257 226 190 0 1
"144" 21 0 53 171 76 73.7 72.8 120 70 120 70 245 225 223 0 1
"145" 20 0 62 156 64.8 62.2 60.5 150 100 145 90 392 323 254 0 1
"146" 17 0 55 158 64.2 62.5 61.1 115 80 115 80 219 195 189 0 1
"147" 15 1 66 175 83 81.8 79.5 120 70 120 70 259 257 193 0 1
"148" 12 0 65 154 71.4 70.3 68.3 130 70 130 70 269 262 NA 0 1
"149" 11 0 72 153 66 63.2 62.7 140 70 120 80 330 235 252 0 1
"150" 10 1 69 174 82 79.5 79.2 120 80 90 60 256 250 246 0 1
"152" 8 0 65 153.5 59.3 57.1 56.3 120 70 110 80 235 254 271 0 1
"153" 7 1 62 164 79.5 75.5 73 140 80 100 70 259 260 236 0 1
"154" 6 0 60 156 81.2 79.2 78.6 130 70 140 80 302 252 221 0 1
"155" 5 1 44 183 101.3 96.7 96.6 140 100 110 85 279 217 217 0 1
"156" 119 0 77 157 78.6 74.8 74.8 180 110 150 90 240 209 190 0 1
"157" 40 0 70 143 57 54 52 150 100 150 100 270 230 257 1 1
"158" 158 1 39 176 93.4 91.7 91.5 130 85 100 65 220 201 219 1 0
"159" 115 1 77 171 92.7 87.3 85 150 80 130 70 286 174 170 1 0
"160" 206 1 59 174 86.2 84.7 84.8 130 80 130 80 257 260 260 1 0
"161" 205 1 49 177 84.1 82.3 81 130 85 110 80 271 212 224 1 0
"162" 201 0 54 164 58.4 57.9 57 140 90 140 80 259 257 235 1 0
"163" 197 0 70 158 59.8 58.9 59.1 150 80 160 80 243 214 243 1 0
"164" 196 1 54 178 95.4 94.9 94 130 90 110 70 215 220 212 1 0
"165" 194 1 60 180 96.4 94 92.4 140 90 140 90 240 218 221 1 0
"166" 193 1 59 170 75.3 76.2 76 110 80 110 80 234 207 178 1 0
"167" 191 1 66 176 77.3 76.2 77.8 160 80 160 80 247 167 166 1 0
"168" 189 0 69 160 68.7 67.4 68.3 130 75 110 60 268 236 228 1 0
"169" 188 1 59 178 82.3 80.6 81 120 75 130 75 210 215 212 1 0
"170" 186 0 73 156 58.8 59 60 130 80 110 60 300 324 285 1 0
"171" 184 1 62 169 70.5 69.3 69 120 70 115 80 230 252 192 1 0
"172" 178 0 61 158 59.6 58.9 58.2 110 60 100 60 302 253 218 1 0
"173" 177 1 62 163 61 62 62 100 55 115 60 239 261 214 1 0
"174" 173 0 64 165 58 58.5 56.2 120 70 100 70 244 253 225 1 0
"175" 164 1 73 164 57.5 58.5 58.3 135 80 130 80 205 190 199 1 0
"176" 163 0 70 158 61.9 61.7 61.1 130 70 140 75 236 247 217 1 0
"177" 162 1 58 172 75.9 75.5 76.5 115 70 115 70 215 232 219 1 0
"178" 149 1 69 163 66.5 66.4 66.5 130 80 120 60 268 286 265 1 0
"179" 144 0 71 161 55.8 54.9 54.6 150 70 140 70 225 244 209 1 0
"180" 139 1 58 175 84.2 82.9 82.2 120 75 110 80 234 300 220 1 0
"181" 138 1 55 170 69.5 69.1 69.3 115 85 110 80 268 241 264 1 0
"182" 137 0 69 161 63 61 59.9 140 90 140 90 320 226 201 1 0
"183" 135 1 40 175 77.4 72.3 70.6 140 100 130 90 239 156 149 1 0
"184" 134 1 53 175 75.4 72.8 73 100 60 110 75 228 218 201 1 0
"185" 131 1 47 168 75.3 76.1 74 140 90 120 80 239 196 191 1 0
"186" 130 1 60 180 92 93.8 91.5 140 90 140 85 241 215 185 1 0
"187" 129 1 50 163 84 83.1 81.5 150 80 145 80 270 296 278 1 0
"188" 127 1 51 187 94.4 94.2 94.2 110 75 140 80 273 272 253 1 0
"189" 126 1 60 178 88.3 86.1 85.4 130 90 130 90 207 209 209 1 0
"190" 118 1 56 182 73.6 71 70 140 90 140 85 213 191 159 1 0
"191" 114 1 64 167 71.2 69.6 70.5 150 85 120 65 256 252 247 1 0
"192" 112 0 54 156 57.5 57.4 57.8 130 70 130 70 244 231 213 1 0
"193" 111 1 82 174 77.8 76.9 75.6 150 90 145 80 233 225 204 1 0
"194" 104 1 59 181 72.9 72.5 72.3 100 65 90 60 215 193 193 1 0
"195" 101 1 56 176 69.2 67.9 68.8 130 80 150 70 240 200 211 1 0
"196" 97 0 64 172 71.8 71.7 72.3 130 80 130 80 266 232 212 1 0
"197" 87 1 63 166 67.7 69.1 68 160 80 140 80 249 245 239 1 0
"198" 86 0 69 159 54.5 54 53.5 130 80 110 65 311 281 280 1 0
"199" 79 1 61 155 53.1 54 54.1 130 75 100 60 250 214 199 1 0
"200" 77 0 55 165 70 68.3 67.6 110 70 110 70 223 260 222 1 0
"201" 76 1 60 184 90.4 90.2 90.5 130 80 130 80 242 215 221 1 0
"202" 73 0 75 160 52 50.8 50.6 160 90 140 80 236 197 208 1 0
"203" 72 0 70 160 59.8 60 62.2 120 80 120 80 231 193 236 1 0
"204" 71 1 57 175.5 75.5 75.4 74.3 130 85 130 85 207 173 173 1 0
"205" 68 0 67 166 57.5 56.7 56.3 110 70 110 70 302 309 262 1 0
"206" 67 0 78 154 54.2 55.9 55.9 100 60 120 70 250 247 241 1 0
"207" 61 0 74 162 45.7 47 47.3 100 50 100 60 315 277 296 1 0
"208" 59 1 62 168 65.3 64.4 64 100 60 100 60 239 245 203 1 0
"209" 54 1 73 163 62 62.4 62.7 140 60 140 60 206 173 173 1 0
"210" 51 1 68 170 71.8 69.7 69.6 90 55 100 60 258 233 254 1 0
"212" 47 1 77 166 69 67.7 68.1 150 80 150 80 259 253 252 1 0
"213" 46 1 58 164 64 65.1 65.8 160 90 170 90 264 276 238 1 0
"214" 44 1 61 172 83.5 82.9 81.3 110 80 120 70 242 200 200 1 0
"215" 43 0 68 161 70.6 69.2 67.1 90 50 100 50 278 246 264 1 0
"216" 42 1 59 185 81.5 78.8 77.3 140 80 110 70 239 218 201 1 0
"217" 40 0 66 162 56.9 57 56.3 100 60 100 50 233 199 242 1 0
"218" 37 1 52 175 88 84.9 83.4 115 85 105 70 263 155 162 1 0
"219" 34 1 69 175 74.4 73.3 73.7 140 70 120 70 212 221 194 1 0
"220" 33 1 44 174 67.8 68 68.2 110 60 90 60 240 245 205 1 0
"221" 29 1 73 172 64 64.5 63.7 105 60 100 70 241 230 219 1 0
"222" 25 1 58 186 79.6 78 78.1 100 70 90 60 247 221 213 1 0
"223" 21 0 64 150.5 55 54.7 54.7 140 80 120 80 262 235 220 1 0
"224" 20 1 53 172.5 81.7 79.1 78.2 120 80 120 80 287 271 294 1 0
"225" 18 0 51 162 55 55.9 56 160 90 160 90 240 226 219 1 0
"226" 16 0 75 165 65.7 65.3 65 190 80 150 70 309 271 255 1 0
"227" 14 0 76 150 50.8 50.9 50.2 110 50 130 70 258 244 223 1 0
"228" 12 1 70 170 74.1 73 72.8 120 80 110 70 225 196 203 1 0
"229" 10 1 53 179 82 78.4 77.6 140 80 140 80 289 287 300 1 0
"230" 9 1 57 171 76 73 71.9 120 65 110 60 209 182 186 1 0
"231" 8 1 45 177 75.3 73.8 73 130 70 110 70 241 206 250 1 0
"232" 6 1 49 178 80 79.7 80.6 170 90 180 105 245 217 234 1 0
"233" 3 1 69 171 59.5 59.8 59.2 110 70 110 70 275 238 245 1 0
"234" 2 0 56 163 65.5 63.7 64.2 120 80 120 80 226 221 216 1 0
"235" 1 1 44 180 84.4 83.6 84.1 160 110 160 100 246 232 246 1 0
"236" 170 0 62 158 59.6 58.9 58 110 60 110 60 302 253 218 1 0
"237" 112 1 45 167.5 83.8 82 81.8 165 95 165 110 210 186 200 1 1
"238" 110 1 54 166 85.6 82.5 81.7 120 80 120 90 215 200 198 1 1
"239" 109 1 59 174 84.5 81.2 81.6 100 65 135 105 235 199 201 1 1
"240" 103 0 68 176 83.4 81.8 78.2 125 80 110 60 282 265 214 1 1
"241" 103 0 49 174.5 88.9 86.1 84.3 130 80 130 85 259 200 180 1 1
"242" 102 0 58 161.5 82.7 80.1 79.5 130 80 130 80 288 261 263 1 1
"243" 99 1 69 166 92.2 88.2 87.7 190 90 165 80 235 193 212 1 1
"244" 96 1 68 181 98.7 94.9 91.7 130 80 110 90 328 243 248 1 1
"245" 94 0 58 171 81.2 81.3 81.9 160 100 170 100 250 215 192 1 1
"246" 93 1 56 178 96.3 93.4 92.7 140 85 140 85 259 193 206 1 1
"247" 89 0 58 173 78.5 76.3 75.1 120 80 120 80 230 212 171 1 1
"248" 85 1 62 181 93.5 93.5 88.7 110 65 130 70 226 207 199 1 1
"249" 83 1 53 163 79.8 78.4 77.6 100 60 95 60 291 174 187 1 1
"250" 81 0 61 168 70.9 68.3 67.8 120 60 120 60 243 220 235 1 1
"251" 80 1 61 178 87.5 83.7 81.3 155 90 155 90 220 175 185 1 1
"252" 79 1 62 167 86.9 85.5 84 120 95 130 80 226 213 201 1 1
"253" 74 1 48 178 92.8 89.2 86 110 80 110 80 222 206 196 1 1
"254" 73 1 54 175 98.3 94.5 91.5 160 90 140 90 300 272 224 1 1
"255" 71 0 66 152 65.2 63.7 61.8 130 80 130 80 344 305 271 1 1
"256" 68 1 74 169 79 75.9 75 140 70 130 60 308 301 292 1 1
"257" 65 1 57 174 84.2 79.8 76.7 150 90 140 90 267 207 183 1 1
"258" 61 1 36 179 99.4 98.3 96.9 110 90 110 80 385 266 210 1 1
"259" 60 0 71 162.5 70.2 68.1 67.7 165 95 140 80 322 282 280 1 1
"260" 59 1 57 183 96.5 92.3 91.6 140 80 115 70 265 205 202 1 1
"261" 55 1 49 182 99.3 96.8 94.1 150 110 170 110 352 347 292 1 1
"262" 51 0 53 168 83.4 81.3 81 100 65 100 65 227 237 233 1 1
"263" 50 1 60 178 90.8 87.8 85.2 110 60 105 65 290 200 221 1 1
"264" 46 1 44 172 90.9 88.9 86.8 110 80 110 80 283 290 281 1 1
"266" 39 0 65 153 72 70.1 70.8 110 80 130 70 228 198 230 1 1
"267" 38 1 56 173 87.4 85 82.7 150 90 140 80 226 168 200 1 1
"268" 36 1 48 173 82.2 79.8 77.9 105 70 105 70 312 291 302 1 1
"269" 35 1 70 172 91.8 86.5 85.9 120 70 120 55 225 178 159 1 1
"270" 32 0 53 160 62.4 61.5 62.1 100 75 90 60 271 287 300 1 1
"271" 29 1 58 172.5 85.1 82.9 82.3 145 70 145 70 227 207 225 1 1
"272" 28 0 46 158.5 63.5 61.8 61.8 130 85 105 70 239 220 236 1 1
"273" 27 1 58 171 98.4 92.1 88.5 130 60 130 70 242 186 205 1 1
"274" 26 1 42 170 85.2 82.8 81.3 110 80 120 75 233 214 220 1 1
"275" 19 1 39 172 84.7 79.6 79.8 130 80 130 80 270 219 224 1 1
"276" 18 0 75 150 60 56.9 58 140 90 130 80 256 242 251 1 1
"277" 14 0 59 147 67.7 64.7 62.5 140 80 140 80 350 322 256 1 1
"278" 3 1 61 182 86.4 83.5 82.6 150 90 130 80 261 243 206 1 1
"279" 1 1 58 180 91.3 85.3 81.3 140 70 130 80 450 402 323 1 1
"280" 208 1 71 163 70 72 70.9 140 70 120 70 252 222 209 1 1
"281" 145 1 63 175 84.9 79.4 77.5 110 65 110 60 239 165 187 1 1
"282" 120 1 40 177 116.5 112.1 107.6 140 90 150 95 229 177 202 1 1
"283" 98 1 50 176 100.2 96 90.5 135 85 140 80 250 206 191 0 1
"284" 114 1 55 163 70.7 67.7 66.9 145 90 120 70 246 245 229 1 1
"286" 190 1 59 172 74.3 75.3 76.7 110 80 100 75 271 260 278 0 0
"288" 174 1 45 172 79.5 77.3 78.1 115 60 105 65 257 193 235 0 0
"289" 171 1 64 170 70.7 75.1 75.5 125 75 120 55 233 266 262 0 0
"290" 169 1 51 169 77.7 78.7 76.3 120 65 110 60 238 233 272 0 0
"291" 167 1 52 176 68 66.8 66 140 80 115 80 233 210 245 0 0
"292" 143 1 45 171 79.2 78 78.6 160 100 130 90 238 214 223 0 0
"293" 83 0 49 148 46.3 46.3 46.7 120 70 120 70 273 302 337 0 0
"294" 5 1 49 170 79.4 77.9 78 120 70 110 70 217 203 222 0 0
"295" 100 0 68 160 71 70.1 69.9 120 60 140 80 312 288 343 0 1
"297" 4 1 59 175.9 75.9 75.5 76.1 140 80 145 80 298 239 225 0 1
"298" 69 0 74 151 67.2 65.6 64.2 150 70 130 65 363 303 344 0 1
"299" 110 1 61 172 76.7 74.5 74.4 130 60 130 60 232 224 260 1 0
"300" 209 0 58 163 65.9 65.5 64 160 100 135 95 266 146 293 1 0
"301" 198 1 49 179.5 96.3 94.6 92.6 150 90 120 85 234 211 224 1 0
"302" 192 1 49 175 74.7 74.6 74.6 155 85 125 85 210 188 191 1 0
"304" 178 0 60 173 80.2 79.2 78.8 155 90 145 85 284 277 313 1 0
"305" 170 1 47 177 76.2 77 78.3 120 80 120 80 237 225 268 1 0
"306" 166 1 50 178 69 69.7 67.5 110 70 110 70 257 242 276 1 0
"307" 150 1 68 171 68.5 69.1 68.5 130 80 125 60 241 258 276 1 0
"308" 142 0 71 165 63.7 62.2 62.5 110 50 145 70 244 217 239 1 0
"309" 125 1 68 172 81.2 80.9 80.6 120 70 120 70 260 249 254 1 0
"310" 102 0 66 172 63 63.7 64.4 180 80 120 80 236 209 239 1 0
"311" 93 1 59 178 87.5 86 86 120 80 120 80 329 283 307 1 0
"312" 78 1 52 176 70.8 70 71.7 105 70 105 70 210 209 240 1 0
"313" 19 1 53 175 78.6 76.2 75.5 150 100 170 110 228 220 278 1 0
"314" 13 1 56 186 84.3 82.5 83.1 100 60 100 60 254 202 247 1 0
"315" 117 1 56 168 71.3 69.8 69.5 135 85 140 90 263 240 245 1 1
"316" 113 0 69 162 73.7 72 71.6 130 80 140 80 286 284 280 1 1
"317" 106 0 62 154 66.5 66 65.3 110 70 110 70 236 245 241 1 1
"318" 101 1 65 170 81.5 81.3 81.9 160 90 155 80 285 271 297 1 1
"319" 92 0 32 163 79.2 79.7 78.8 120 80 110 60 230 208 212 1 1
"320" 82 1 67 179 88 89 87 165 80 160 80 264 265 219 1 1
"321" 78 1 43 176 108.5 105.6 104.8 160 90 160 90 263 256 225 1 1
"322" 72 0 56 159.5 91 87.1 84 120 75 120 80 235 198 230 1 1
"323" 62 1 45 172 73.6 71.7 72.5 120 85 115 80 256 230 235 1 1
"324" 54 0 67 158 71.5 70.6 69.6 125 70 140 80 242 199 223 1 1
"325" 53 0 76 155 67 65.6 66.4 145 90 90 60 251 233 283 1 1
"326" 37 0 50 160 74.9 72.2 73.1 115 90 120 80 302 264 291 1 1
"327" 25 1 56 164.5 79.7 78.5 78.3 150 70 105 60 294 272 312 1 1
"328" 175 0 62 168 97 95.6 94 140 90 150 90 260 211 267 1 1

