11  3.04 10
 5  1.79 16
15  4.26 10
 9  1.38 16
 6  1.98  7
 9  5.53  7
 2  1.07 10
 3  1.08 10
26  8.11 10
39  8.66 16
20  6.63 16 
31 22.67 16
 9  4.55 16
16 10.46  7
 6 19.62  1
16 14.37 10
19 15.47  1
17  7.84  7
15 12.49  1
11 10.20 10
19 50.72  1
 7  7.03 10
10  8.96  7
 0  1.76 10
 7  4.18  7
 7  4.44 10
 9  2.53 24
 2  4.32 16
 8  8.53  7
 8 15.78 16
11  8.77 10
 6  7.20 16
28 88.66  0
 4  5.27  0
 1  3.62  0
 1  7.03  1
 1  3.44  1
 8  9.35  1
 6 14.63  0
 3  9.34  1
 2  5.59  1
 1  5.74  1
 7  5.62  7 
10 18.76  1
 9 10.10  0
11 12.68 10
 3  8.20  7
11 12.32  7
 5  4.75  7
 8  3.31 24
 3  2.88 24
 7  6.04  7
 0  4.16 16
 8  2.40 24
 7  2.30  7
13  4.40  7

